"d2" (1024)
Fri Oct 31 12:05:27 2003
 1
1 long 
("Distribution2")
--------------------------------------------
(0) 3
(3) 2
(6) 1
(7) 1
(12) 1
(14) 1
(18) 2
(22) 1
(24) 1
(25) 1
(26) 4
(28) 1
(29) 2
(30) 4
(31) 1
(32) 1
(33) 2
(34) 4
(35) 4
(36) 1
(37) 5
(38) 4
(39) 2
(40) 2
(41) 5
(42) 3
(43) 5
(44) 4
(45) 6
(46) 5
(47) 8
(48) 1
(49) 8
(50) 5
(51) 4
(52) 4
(53) 5
(54) 2
(55) 8
(56) 8
(57) 11
(58) 10
(59) 8
(60) 13
(61) 19
(62) 13
(63) 16
(64) 8
(65) 11
(66) 8
(67) 9
(68) 17
(69) 11
(70) 17
(71) 18
(72) 23
(73) 10
(74) 16
(75) 14
(76) 25
(77) 21
(78) 33
(79) 22
(80) 17
(81) 23
(82) 27
(83) 24
(84) 25
(85) 31
(86) 31
(87) 31
(88) 25
(89) 35
(90) 28
(91) 46
(92) 49
(93) 38
(94) 52
(95) 32
(96) 45
(97) 45
(98) 40
(99) 45
(100) 51
(101) 54
(102) 74
(103) 61
(104) 52
(105) 58
(106) 61
(107) 67
(108) 67
(109) 61
(110) 79
(111) 84
(112) 71
(113) 89
(114) 74
(115) 80
(116) 89
(117) 96
(118) 89
(119) 113
(120) 110
(121) 102
(122) 138
(123) 107
(124) 93
(125) 122
(126) 134
(127) 122
(128) 115
(129) 149
(130) 155
(131) 143
(132) 153
(133) 166
(134) 188
(135) 173
(136) 164
(137) 136
(138) 189
(139) 176
(140) 197
(141) 190
(142) 189
(143) 206
(144) 229
(145) 207
(146) 227
(147) 219
(148) 267
(149) 275
(150) 219
(151) 246
(152) 284
(153) 265
(154) 332
(155) 297
(156) 301
(157) 315
(158) 306
(159) 279
(160) 317
(161) 322
(162) 335
(163) 323
(164) 342
(165) 345
(166) 361
(167) 375
(168) 377
(169) 400
(170) 393
(171) 394
(172) 446
(173) 448
(174) 453
(175) 413
(176) 414
(177) 458
(178) 438
(179) 517
(180) 488
(181) 498
(182) 472
(183) 530
(184) 475
(185) 565
(186) 562
(187) 538
(188) 538
(189) 554
(190) 550
(191) 605
(192) 563
(193) 589
(194) 581
(195) 591
(196) 632
(197) 601
(198) 610
(199) 653
(200) 653
(201) 652
(202) 636
(203) 671
(204) 708
(205) 695
(206) 677
(207) 728
(208) 764
(209) 747
(210) 755
(211) 794
(212) 762
(213) 745
(214) 797
(215) 837
(216) 821
(217) 830
(218) 821
(219) 823
(220) 795
(221) 870
(222) 776
(223) 839
(224) 848
(225) 863
(226) 870
(227) 906
(228) 913
(229) 868
(230) 851
(231) 924
(232) 934
(233) 873
(234) 947
(235) 942
(236) 907
(237) 908
(238) 911
(239) 907
(240) 913
(241) 893
(242) 948
(243) 921
(244) 978
(245) 969
(246) 922
(247) 928
(248) 959
(249) 939
(250) 908
(251) 957
(252) 982
(253) 999
(254) 981
(255) 918
(256) 923
(257) 985
(258) 940
(259) 975
(260) 992
(261) 1000
(262) 988
(263) 961
(264) 968
(265) 950
(266) 957
(267) 954
(268) 902
(269) 956
(270) 934
(271) 927
(272) 977
(273) 899
(274) 917
(275) 883
(276) 889
(277) 908
(278) 901
(279) 897
(280) 876
(281) 856
(282) 940
(283) 831
(284) 849
(285) 914
(286) 852
(287) 799
(288) 823
(289) 832
(290) 837
(291) 888
(292) 847
(293) 856
(294) 765
(295) 799
(296) 828
(297) 789
(298) 758
(299) 731
(300) 784
(301) 771
(302) 759
(303) 734
(304) 722
(305) 729
(306) 712
(307) 641
(308) 712
(309) 655
(310) 680
(311) 698
(312) 645
(313) 641
(314) 625
(315) 599
(316) 643
(317) 602
(318) 602
(319) 562
(320) 599
(321) 564
(322) 590
(323) 573
(324) 602
(325) 521
(326) 547
(327) 513
(328) 555
(329) 468
(330) 485
(331) 480
(332) 463
(333) 447
(334) 424
(335) 471
(336) 437
(337) 404
(338) 423
(339) 419
(340) 409
(341) 393
(342) 412
(343) 394
(344) 352
(345) 386
(346) 360
(347) 331
(348) 322
(349) 335
(350) 329
(351) 325
(352) 328
(353) 329
(354) 289
(355) 331
(356) 302
(357) 268
(358) 276
(359) 231
(360) 255
(361) 239
(362) 236
(363) 255
(364) 259
(365) 235
(366) 226
(367) 212
(368) 240
(369) 203
(370) 198
(371) 188
(372) 192
(373) 147
(374) 177
(375) 158
(376) 160
(377) 153
(378) 169
(379) 143
(380) 152
(381) 134
(382) 125
(383) 133
(384) 113
(385) 114
(386) 118
(387) 143
(388) 94
(389) 106
(390) 87
(391) 129
(392) 96
(393) 97
(394) 87
(395) 90
(396) 88
(397) 90
(398) 82
(399) 76
(400) 85
(401) 71
(402) 72
(403) 63
(404) 73
(405) 66
(406) 61
(407) 67
(408) 54
(409) 44
(410) 45
(411) 50
(412) 52
(413) 38
(414) 47
(415) 31
(416) 45
(417) 47
(418) 40
(419) 34
(420) 41
(421) 29
(422) 42
(423) 29
(424) 23
(425) 26
(426) 23
(427) 21
(428) 20
(429) 20
(430) 20
(431) 19
(432) 18
(433) 21
(434) 19
(435) 28
(436) 11
(437) 19
(438) 9
(439) 19
(440) 13
(441) 16
(442) 14
(443) 11
(444) 10
(445) 14
(446) 23
(447) 20
(448) 11
(449) 7
(450) 10
(451) 5
(452) 10
(453) 7
(454) 16
(455) 8
(456) 9
(457) 11
(458) 5
(459) 9
(460) 9
(461) 6
(462) 2
(463) 8
(464) 5
(465) 8
(466) 4
(467) 6
(469) 5
(470) 5
(471) 6
(474) 4
(475) 1
(477) 2
(478) 4
(479) 1
(480) 2
(482) 2
(483) 1
(484) 1
(485) 3
(486) 2
(487) 2
(488) 1
(490) 1
(491) 1
(492) 1
(493) 2
(495) 2
(498) 1
(502) 2
(506) 2
(509) 1
(517) 1
(522) 1
(549) 1
(562) 1
(567) 1
(-1) -1
